8 0.806225774829855
0.1 0.2
0.1 0.8
0.9 0.2
0.9 0.8
0.2 0.1
0.8 0.1
0.2 0.9
0.8 0.9

Тест. центр на линии, включены 2 угла
4 1.1
0.5 0.0
0.5 1
0 0.5
1 0.5


Тест 1 вершина, без дополнительных пересечений
8 0.65
0.3 0.2
0.3 0.8
0.7 0.8
0.7 0.2
0.2 0.3
0.8 0.3
0.8 0.7
0.2 0.7
Тест 1 вершина, пересечение 1 грани
8 0.65
0.4 0.3
0.6 0.3
0.6 0.7
0.4 0.7
0.3 0.4
0.3 0.6
0.7 0.6
0.7 0.4
Тест 1 вершина, 2 пересечения
4 0.7
0.4 0.4
0.4 0.6
0.6 0.6
0.6 0.4


0.2 0.2
0.2 0.8
0.8 0.8
0.8 0.2

0.0 0.0
0.0 1.0
1.0 1.0
1.0 0.0
0.1 0.1
0.1 0.9
0.9 0.9
0.9 0.1
