1000000000a1000000000b1000000000a1000000000b1000000000a1000000000b
5
1 3000000000
1 4000000000
100000 3000000000
2000000 500000000
2500000 6000000000




x1000000000yz
3
2 1000000001
2 1000000002
5938493 15938493


10a100b5c
3
10 110
10 115
110 115


тест варианта конец-начало
10 11
10 111
110 111

тест варианта середина-середина
3 20
3 112
102 112


тест варианта середина-конец
3 110
3 115
101 115
тест варианта середина-начало
3 11
3 111
102 111
тест варианта начало-середина
3
1 20
1 112
11 112
тест варианта начало-конец
3
1 110
1 115
11 115
тест варианта начало-начало
3
1 11
1 111
11 111


a2bc13a
5
3 5
1 7
5 7
1 2
4 4


x1000000000yz
3
2 1000000001
2 1000000002
5938493 15938493






